2658.35 2892.93 2306.60 2912.15 2242.16 2106.69 1954.87 2158.69 2753.94 2544.53
957.34 1162.53 1438.38 1320.52 1249.15 1315.26 1108.76 1321.74 988.49 914.46
1958.98 1710.58 2337.77 3140.20 2046.35 2788.84 2479.90 2061.23 1718.60 2125.32
3009.60 4600.04 2898.89 2751.28 4447.02 5367.20 3136.08 4134.72 3635.81 3214.05
2910.46 2166.29 2686.44 2223.34 3085.81 2583.38 2950.78 3363.63 2442.54 2888.92
1336.83 1543.78 1558.24 1431.92 1072.35 1623.70 1887.35 1237.63 1501.30 1601.41
671.12 619.27 573.76 752.88 993.73 613.54 811.82 790.03 983.74 858.61
2458.02 2714.22 2400.53 2559.95 2746.73 1711.23 2073.78 1991.33 2188.83 2075.51
1422.88 827.72 1207.01 1032.85 1069.83 1303.57 1339.90 1157.95 851.87 1330.80
2717.33 2434.37 2580.21 2431.47 1821.31 2152.23 2169.40 2388.37 2340.03 2198.47
2656.57 2549.93 2651.32 3357.82 2367.78 2863.67 2783.32 2849.18 2708.88 2150.52
5651.16 3768.89 4253.68 4072.36 4217.94 4234.46 5568.79 4296.36 5476.30 4266.50
2176.00 2590.84 2955.66 2744.37 2671.11 3170.37 3317.91 3146.90 2807.07 2858.27
4071.55 4189.23 3538.41 2353.78 4241.13 2864.80 2304.61 2726.99 2357.20 3233.12
4041.66 5099.57 3417.15 4730.92 4727.81 4375.98 4935.06 3628.21 4419.48 3209.82
1742.46 1522.46 1521.71 1367.43 1855.70 1616.48 1740.79 1711.15 1811.80 1726.80
1942.24 1948.27 1843.36 2848.95 3148.63 2554.59 1961.68 2028.91 3360.76 2374.18
1165.82 868.78 1001.82 1143.73 1245.73 1159.03 1466.93 970.24 1214.95 1391.16
2352.13 2285.13 1652.46 2527.96 1735.75 2427.73 2951.61 1532.67 2719.56 1769.64
2580.24 3514.03 2080.05 3361.59 3203.89 3183.83 3653.61 3273.12 2491.44 2662.54
4678.40 3802.53 4850.50 3509.97 4215.97 4947.95 4018.40 4604.28 5359.60 3696.77
2696.92 4454.64 2741.26 4041.28 3922.45 4363.76 3381.80 3319.69 2701.03 4070.72
1075.55 908.44 932.28 880.04 1126.59 659.44 706.49 1122.52 1064.89 764.38
2781.61 2768.30 2281.72 2660.61 2990.57 3352.09 2322.40 2402.24 2589.24 2257.58
2921.03 3408.68 2816.21 2851.49 3005.61 1818.72 2828.26 2304.39 2367.40 1978.12
5459.30 3775.03 3751.60 4947.56 5263.38 3173.72 5199.31 3911.06 3076.43 2911.37
1665.17 2610.07 1583.49 2567.21 1857.40 2688.40 2528.91 1975.69 2126.01 1893.20
1978.07 2342.59 2603.28 1936.02 2539.24 2895.71 2491.25 3165.28 3097.68 2949.40
2848.40 2454.42 2343.40 3302.72 2163.41 3679.08 2056.54 2720.24 2616.03 3478.39
3385.38 3440.25 2583.24 3049.08 3033.21 3125.78 2678.50 3166.76 2345.38 2558.77
3240.54 2616.13 3112.52 2168.29 1757.85 2225.95 1662.69 2312.60 2172.43 2421.66
2684.88 2634.55 2456.96 3113.90 3516.40 2606.45 2892.38 3235.30 3439.62 3068.57
1643.82 1559.32 1655.77 1824.29 1427.42 2530.78 1833.36 2477.10 1869.76 2018.93
4127.94 3676.61 3209.02 3010.69 2886.06 3324.55 2603.47 2630.24 3622.31 3047.92
3542.95 3452.13 3466.08 3939.91 3350.00 3190.04 2613.69 3619.45 2660.68 3507.37
4109.43 2761.06 3226.66 3583.90 3516.08 3659.39 2996.67 4147.59 2900.86 3234.36
4688.23 5119.19 3778.96 2669.42 4577.73 3252.34 3984.96 3970.45 2804.14 3844.15
988.70 1060.64 790.20 752.58 799.53 998.55 730.76 1022.36 865.22 867.21
3179.96 2514.67 2709.07 3153.53 4042.08 2428.11 3593.07 2493.41 3471.88 2374.42
3553.06 4833.08 2589.62 3346.69 3707.99 3850.38 4058.65 3073.98 3655.92 4837.09
2972.89 3297.67 2696.78 2435.70 3093.53 2927.72 2522.36 2609.68 3099.74 3157.48
1144.55 1460.93 2133.01 2162.60 1341.89 1602.12 1500.77 1815.53 1125.64 1624.56
4202.88 4970.88 3636.08 4429.42 4023.17 4526.66 4797.13 4014.03 2780.42 4353.20
1249.51 1138.69 870.69 903.12 1138.52 1103.57 1380.98 909.08 760.10 834.18
3991.82 2942.52 3866.22 3341.17 2432.41 2947.26 3391.23 2847.30 3605.69 3743.80
2908.85 2045.60 2927.14 2076.79 1706.39 2840.69 2792.38 2662.47 2446.38 3009.13
3717.58 3471.18 3447.75 3963.05 3846.52 3325.84 2603.15 4152.31 3006.99 2629.59
708.87 848.26 649.34 964.63 1042.20 967.12 797.97 639.11 806.35 863.27
1761.66 1893.01 1529.45 1383.42 2177.28 1986.34 2175.65 1955.18 2038.69 1700.75
2981.33 2592.13 2359.53 2026.07 2726.94 2754.28 2671.96 2631.71 2032.57 2788.20
